d1

8 KMU_CS23
75 77 85 95 67 83 50 51 
583

14 HONG CHAN PARK
72 79 78 71 32 67 72 65 78 32 80 65 82 75 
948

1 F
70
70

2 33
51 51 
102

3 200
50 48 48 
146

1 5
53 
53

5 43210
52 51 50 49 48 
250

d2

4 i1 1
105 49 32 49 
235

4 i2 3
105 50 32 51 
238

5 i3 10
105 51 32 49 48 
285

6 i4 200
105 52 32 50 48 48 
335

d3

7 KMU_CS1
75 77 85 95 67 83 49 
531

5 KIM S
75 73 77 32 83 
340

0 M
77
77

2 22
50 50 
100

7 KMU_CS2
75 77 85 95 67 83 50 
532

8 LEE D.K.
76 69 69 32 68 46 75 46 
481

1 F
70
70

2 23
50 51 
101

7 KMU_CS3
75 77 85 95 67 83 51 
533

9 PARK D.K.
80 65 82 75 32 68 46 75 46 
569

0 M
77
77

2 19
49 57 
106

