d1

8 _KMU_123

95 75 77 85 95 49 50 51
577

9 PARK CHAN

80 65 82 75 32 67 72 65 78
616

1 F

70
70

2 22

50 50
100

3 100

49 48 48
145

2 50

53 48
101

4 1111

49 49 49 49
196

d2

4 i1 1

105 49 32 49
235

4 i2 3

105 50 32 51
238

5 i3 10

105 51 32 49 48
285

5 i6 30

105 54 32 51 48
290

2 d3

100 51
151

7 KMU_CS1

75 77 85 95 67 83 49
531

5 PARKS

80 65 82 75 83
385

0 M

77
77

2 23

50 51
101

7 KMU_CS2

75 77 85 95 67 83 50
532

8 LEE D.K.

76 69 69 32 68 46 75 46
481

1 F

70
70

2 30

51 48
99

2 d4

100 52
152

18 AAABBBAADDEEGAGG11
65 65 65 66 66 66 65 65 68 68 69 69 71 65 71 71 49 49
1173

18 AAABBBAADDEEGAGG11
65 65 65 66 66 66 65 65 68 68 69 69 71 65 71 71 49 49
1173

13 AAAABBCBBCBBC
65 65 65 65 66 66 67 66 66 67 66 66 67
857

10 HELLOHELLO
72 69 76 76 79 72 69 76 76 79
744

18 AAABBBAADDEEGAGG22
65 65 65 66 66 66 65 65 68 68 69 69 71 65 71 71 50 50
1175

13 AAAABBCBBCBBC
65 65 65 65 66 66 67 66 66 67 66 66 67
857

18 AAABBBAADDEEGAGG33
65 65 65 66 66 66 65 65 68 68 69 69 71 65 71 71 51 51
1177

13 AAAABBCBBCBBC
65 65 65 65 66 66 67 66 66 67 66 66 67
857

5 HELLO
72 69 76 76 79
372

12 ZZKKZZKKKKKK
90 90 75 75 90 90 75 75 75 75 75 75
960

16 AAABBBAADDEEGAGG
65 65 65 66 66 66 65 65 68 68 69 69 71 65 71 71
1075

15 BBCBBCBBCBBCBBC
66 66 67 66 66 67 66 66 67 66 66 67 66 66 67
995

14 BBCBBCBBCBBCBB
66 66 67 66 66 67 66 66 67 66 66 67 66 66
928
